,"F1","F2","F3",F4,F5,F6
F1,1.0,-0.09272445112190424,0.12281202351343179,-0.035770387996876395,0.09393703111727371,0.0328698713954263
F2,-0.09272445112190424,1.0,0.341071547657182,0.22428245973119765,0.3870343435318588,0.2368126037060724
F3,0.12281202351343179,0.341071547657182,1.0,0.2921674107207451,0.5072595190286241,0.23184609028356065
F4,-0.035770387996876395,0.22428245973119765,0.2921674107207451,1.0,0.4062239621379775,0.735474355130234
F5,0.09393703111727371,0.3870343435318588,0.5072595190286241,0.4062239621379775,1.0,0.4011381034923739
F6,0.0328698713954263,0.2368126037060724,0.23184609028356065,0.735474355130234,0.4011381034923739,1.0
